10010100000000000000000000000010
11111111111000000000000000000000
10010001000000000000001111110110
10010001000010000000001111110100
10010001000000000000001111011000
10010100000000000000000000110100
10010100000000000000000001011001
10010001000000000000000000000000
11111000010000000000001011011001
10010001000000000000001111100001
10010001000001111111111111100010
10010100000000000000000001000001
11111111101000000000000000000000
10010001000001111111111111111001
10010001000000000000001111100001
10010001000001111111111111100010
10010100000000000000000000111100
11111111101000000000000000000000
10010001000000111111111111111001
10010001000000000000001111100001
10010001000001111111111111100010
10010100000000000000000000110111
11111111101000000000000000000000
10010001000010010110001111111001
10010001000000000000001111100001
10010001000001111111111111100010
10010100000000000000000000110010
11111111101000000000000000000000
10010001000000000000001111100000
10010001000000000000001100011110
11010110000000000000001111000000
10010001000000000000011111100100
10010001000000000000001111110101
00010100000000000000000000000001
11101011000101000000000010011111
01010100000000000000001010000000
11010011011000000000110010000111
10001011000001110000001011000111
11111000010111111000000011100110
11111000010000000000000011100111
11101011000001110000000011011111
01010100000000000000000001101100
10010001000000000000010010000100
00010111111111111111111111110111
11010011011000000000110010000000
10001011000000000000001011000000
11010001000000000000010010000001
11010011011000000000110000100001
10001011000000010000001011000001
10010001000000000000001111011011
10010100000000000000000000010101
10010001000000000000001101111110
10010001000000000000011010110101
10010001000000000000010010000100
00010111111111111111111111101100
10010001000000000000001010111010
11010110000000000000001111000000
10010001000000000000001111100000
10010001000000000000001011000001
10010001000000000000001111010101
10010100000000000000000000000011
10010001000000000000001010111110
11010110000000000000001111000000
11001011000000000000001010010010
11010001000000000000011001010010
11111000000000000000000000110010
10010001000000000010000000100001
10010001000000000000010000000000
11001011000101000000000000010010
10110101111111111111111101010010
11010110000000000000001111000000
11111000010000000000000000000010
11111000010000000000000000100011
11111000000000000000000000000011
11111000000000000000000000100010
11010110000000000000001111000000
11101011000000010000000001011111
01010100000000000000000101001011
10001011000000100000000000100100
11010011010000000000010010000100
11010011011000000000110010000110
10001011000001100000001011000110
11111000010000000000000011000110
11101011000110010000000011011111
01010100000000000000000010100000
01010100000000000000000011001100
01010100000000000000000011101011
11010001000000000000011111100000
11010110000000000000001111000000
10010001000000000000000010000000
11010110000000000000001111000000
11010001000000000000010010000010
00010111111111111111111111110000
10010001000000000000010010000001
00010111111111111111111111101110
10010001000000000000001111010011
10010111111111111111111110111111
10010001000000000000001001111110
10110100000000000000000001011010
00010111111111111111111111111100
11010110000000000000001111000000